CREATE TABLE retail_price
(product_id VARCHAR(30)  ,
product_category_name VARCHAR(30)  ,
quantity INT ,
unit_price FLOAT ,
total_price FLOAT ,
product_photos_qty INT ,
product_weight_g INT ,
Rating FLOAT ,
customers INT ,
weekday INT ,
holiday INT ,
month INT ,
year INT ,
volume INT ); 



select * from retail_price;



insert into retail_price values 
('bed1','Bed_bath_table',1,45.95,45.95,2,350,4,57,23,1,5,2017, 3800), 
('bed1','Bed_bath_table',3,45.95,137.85,2,350,4,61,22,1,6,2017, 3800), 
('bed1','Bed_bath_table',6,45.95,275.7,2,350,4,123,21,1,7,2017, 3800), 
('bed1','Bed_bath_table',4,45.95,183.8,2,350,4,90,23,1,8,2017, 3800), 
('bed1','Bed_bath_table',2,45.95,91.9,2,350,4,54,21,1,9,2017, 3800), 
('bed1','Bed_bath_table',3,45.95,137.85,2,350,4,50,22,2,10,2017, 3800), 
('bed1','Bed_bath_table',11,40.53181818,445.85,2,350,4,97,22,4,11,2017, 3800), 
('bed1','Bed_bath_table',6,39.99,239.94,2,350,4,41,21,1,12,2017, 3800), 
('bed1','Bed_bath_table',19,39.99,759.81,2,350,4,62,23,2,1,2018, 3800), 
('bed1','Bed_bath_table',18,39.99,719.82,2,350,4,62,20,2,2,2018, 3800), 
('bed1','Bed_bath_table',17,39.99,679.83,2,350,4,43,22,1,3,2018, 3800), 
('bed1','Bed_bath_table',13,39.99,519.87,2,350,4,34,21,1,4,2018, 3800), 
('bed1','Bed_bath_table',19,39.99,759.81,2,350,4,57,23,3,5,2018, 3800), 
('bed1','Bed_bath_table',5,39.99,199.95,2,350,4,43,21,0,6,2018, 3800), 
('bed1','Bed_bath_table',8,39.99,319.92,2,350,4,26,22,1,7,2018, 3800), 
('bed1','Bed_bath_table',8,39.24,313.92,2,350,4,15,23,1,8,2018, 3800), 
('garden5','Garden_tools',6,69.9,419.4,1,9000,4.1,21,23,1,3,2017, 19656), 
('garden5','Garden_tools',3,82.63333333,247.9,1,9000,4.1,17,20,2,4,2017, 19656), 
('garden5','Garden_tools',20,97.58823529,1956,1,9000,4.1,34,23,1,5,2017, 19656), 
('garden5','Garden_tools',8,89,712,1,9000,4.1,26,22,1,6,2017, 19656), 
('garden5','Garden_tools',10,89,890,1,9000,4.1,74,21,1,7,2017, 19656), 
('garden5','Garden_tools',7,97.33333333,683,1,9000,4.1,113,23,1,8,2017, 19656), 
('garden5','Garden_tools',9,99,891,1,9000,4.1,115,21,1,9,2017, 19656), 
('garden5','Garden_tools',14,99,1386,1,9000,4.1,146,22,2,10,2017, 19656), 
('garden5','Garden_tools',17,99,1683,1,9000,4.1,339,22,4,11,2017, 19656), 
('garden5','Garden_tools',11,99,1089,1,9000,4.1,184,21,1,12,2017, 19656), 
('garden5','Garden_tools',4,99.5,398,1,9000,4.1,137,23,2,1,2018, 19656), 
('garden5','Garden_tools',2,101,202,1,9000,4.1,160,20,2,2,2018, 19656), 
('garden5','Garden_tools',1,101,101,1,9000,4.1,116,22,1,3,2018, 19656), 
('garden5','Garden_tools',1,101,101,1,9000,4.1,111,21,1,4,2018, 19656), 
('consoles1','Games',13,19.9,258.7,4,150,4.2,13,21,1,7,2017, 2304), 
('consoles1','Games',24,19.9,477.6,4,150,4.2,33,23,1,8,2017, 2304), 
('consoles1','Games',9,19.9,179.1,4,150,4.2,17,21,1,9,2017, 2304), 
('consoles1','Games',28,21.54285714,603.2,4,150,4.2,38,22,2,10,2017, 2304), 
('consoles1','Games',28,24.5,686,4,150,4.2,49,22,4,11,2017, 2304), 
('consoles1','Games',16,24.5,392,4,150,4.2,30,21,1,12,2017, 2304), 
('consoles1','Games',5,32.5,162.5,4,150,4.2,6,20,2,2,2018, 2304), 
('consoles1','Games',6,32.5,195,4,150,4.2,13,22,1,3,2018, 2304), 
('consoles1','Games',7,35.05714286,245.4,4,150,4.2,13,21,1,4,2018, 2304), 
('consoles1','Games',3,36.2,108.6,4,150,4.2,3,23,3,5,2018, 2304), 
('consoles1','Games',2,36.2,72.4,4,150,4.2,2,21,0,6,2018, 2304), 
('consoles1','Games',1,36.2,36.2,4,150,4.2,1,22,1,7,2018, 2304), 
('garden7','Garden_tools',1,59.9,59.9,2,1800,4.2,17,20,2,4,2017, 32560), 
('garden7','Garden_tools',1,59.9,59.9,2,1800,4.2,34,23,1,5,2017, 32560), 
('garden7','Garden_tools',4,59.9,239.6,2,1800,4.2,74,21,1,7,2017, 32560), 
('garden7','Garden_tools',6,59.9,359.4,2,1800,4.2,113,23,1,8,2017, 32560), 
('garden7','Garden_tools',5,59.9,299.5,2,1800,4.2,115,21,1,9,2017, 32560), 
('garden7','Garden_tools',11,59.9,658.9,2,1800,4.2,146,22,2,10,2017, 32560), 
('garden7','Garden_tools',20,51.32222222,1043.6,2,1800,4.2,339,22,4,11,2017, 32560), 
('garden7','Garden_tools',10,56.97777778,571.8,2,1800,4.2,184,21,1,12,2017, 32560), 
('garden7','Garden_tools',11,49.9,548.9,2,1800,4.2,137,23,2,1,2018, 32560), 
('garden7','Garden_tools',8,51.4,411.2,2,1800,4.2,160,20,2,2,2018, 32560), 
('garden7','Garden_tools',3,53.9,161.7,2,1800,4.2,116,22,1,3,2018, 32560), 
('garden7','Garden_tools',8,53.9,431.2,2,1800,4.2,111,21,1,4,2018, 32560), 
('garden7','Garden_tools',9,52.9,477.1,2,1800,4.2,102,23,3,5,2018, 32560), 
('garden7','Garden_tools',5,49.9,249.5,2,1800,4.2,58,21,0,6,2018, 32560), 
('garden7','Garden_tools',6,49.9,299.4,2,1800,4.2,54,22,1,7,2018, 32560), 
('garden7','Garden_tools',7,49.9,349.3,2,1800,4.2,46,23,1,8,2018, 32560), 
('health9','Health_beauty',11,19.99,219.89,1,100,4.3,19,20,2,2,2017, 4500), 
('health9','Health_beauty',9,19.99,179.91,1,100,4.3,25,23,1,3,2017, 4500), 
('health9','Health_beauty',13,19.99,259.87,1,100,4.3,23,20,2,4,2017, 4500), 
('health9','Health_beauty',16,19.99,319.84,1,100,4.3,41,23,1,5,2017, 4500), 
('health9','Health_beauty',21,19.99,419.79,1,100,4.3,53,22,1,6,2017, 4500), 
('health9','Health_beauty',29,19.99,579.71,1,100,4.3,61,21,1,7,2017, 4500), 
('health9','Health_beauty',28,23.39740741,651.72,1,100,4.3,82,23,1,8,2017, 4500), 
('health9','Health_beauty',24,23.99,575.76,1,100,4.3,89,21,1,9,2017, 4500), 
('health9','Health_beauty',27,23.99,647.73,1,100,4.3,81,22,2,10,2017, 4500), 
('health9','Health_beauty',28,23.99,671.72,1,100,4.3,139,22,4,11,2017, 4500), 
('health9','Health_beauty',19,23.99,455.81,1,100,4.3,112,21,1,12,2017, 4500), 
('health9','Health_beauty',19,23.99,455.81,1,100,4.3,98,23,2,1,2018, 4500), 
('health9','Health_beauty',14,23.99,335.86,1,100,4.3,126,20,2,2,2018, 4500), 
('health9','Health_beauty',8,23.99,191.92,1,100,4.3,169,22,1,3,2018, 4500), 
('health9','Health_beauty',7,23.99,167.93,1,100,4.3,159,23,3,5,2018, 4500), 
('health9','Health_beauty',3,23.99,71.97,1,100,4.3,131,21,0,6,2018, 4500), 
('health9','Health_beauty',3,23.99,71.97,1,100,4.3,113,22,1,7,2018, 4500), 
('health9','Health_beauty',2,23.99,47.98,1,100,4.3,127,23,1,8,2018, 4500), 
('cool4','Cool_stuff',1,134.99,134.99,1,2425,3.8,42,21,1,7,2017, 16530), 
('cool4','Cool_stuff',1,134.99,134.99,1,2425,3.8,39,23,1,8,2017, 16530), 
('cool4','Cool_stuff',12,146.99,1763.88,1,2425,3.8,33,22,2,10,2017, 16530), 
('cool4','Cool_stuff',27,157.3603704,4248.73,1,2425,3.8,42,22,4,11,2017, 16530), 
('cool4','Cool_stuff',29,166.99,4842.71,1,2425,3.8,38,21,1,12,2017, 16530), 
('cool4','Cool_stuff',13,166.99,2170.87,1,2425,3.8,102,23,2,1,2018, 16530), 
('cool4','Cool_stuff',8,176.99,1415.92,1,2425,3.8,20,20,2,2,2018, 16530), 
('cool4','Cool_stuff',11,173.8081818,1911.89,1,2425,3.8,45,22,1,3,2018, 16530), 
('cool4','Cool_stuff',6,169.99,1019.94,1,2425,3.8,18,21,1,4,2018, 16530), 
('health3','Health_beauty',1,110.99,110.99,1,700,4.1,98,23,2,1,2018, 5700), 
('health3','Health_beauty',2,110.99,221.98,1,700,4.1,126,20,2,2,2018, 5700), 
('health3','Health_beauty',9,110.99,998.91,1,700,4.1,169,22,1,3,2018, 5700), 
('health3','Health_beauty',13,116.5284615,1514.87,1,700,4.1,118,21,1,4,2018, 5700), 
('health3','Health_beauty',23,119.99,2759.77,1,700,4.1,159,23,3,5,2018, 5700), 
('health3','Health_beauty',43,122.99,5288.57,1,700,4.1,131,21,0,6,2018, 5700), 
('health3','Health_beauty',33,122.99,4058.67,1,700,4.1,113,22,1,7,2018, 5700), 
('health3','Health_beauty',32,122.99,3935.68,1,700,4.1,127,23,1,8,2018, 5700), 
('Perfumes1','Perfumes',4,56.99,227.96,2,250,4.3,4,22,1,6,2017, 3360), 
('Perfumes1','Perfumes',7,56.99,398.93,2,250,4.3,7,21,1,7,2017, 3360), 
('Perfumes1','Perfumes',7,56.99,398.93,2,250,4.3,8,23,1,8,2017, 3360), 
('Perfumes1','Perfumes',17,56.99,968.83,2,250,4.3,18,21,1,9,2017, 3360), 
('Perfumes1','Perfumes',17,56.99,968.83,2,250,4.3,19,22,2,10,2017, 3360), 
('Perfumes1','Perfumes',20,56.99,1139.8,2,250,4.3,27,22,4,11,2017, 3360), 
('Perfumes1','Perfumes',24,56.99,1367.76,2,250,4.3,34,21,1,12,2017, 3360), 
('Perfumes1','Perfumes',10,56.99,569.9,2,250,4.3,15,23,2,1,2018, 3360), 
('Perfumes1','Perfumes',4,56.99,227.96,2,250,4.3,12,20,2,2,2018, 3360), 
('Perfumes1','Perfumes',14,50.49,706.86,2,250,4.3,18,22,1,3,2018, 3360), 
('Perfumes1','Perfumes',2,49.99,99.98,2,250,4.3,10,21,1,4,2018, 3360), 
('Perfumes1','Perfumes',8,49.99,399.92,2,250,4.3,13,22,1,7,2018, 3360), 
('Perfumes1','Perfumes',4,49.99,199.96,2,250,4.3,19,23,1,8,2018, 3360), 
('cool5','Cool_stuff',2,99.99,199.98,1,4475,4.3,33,20,2,4,2017, 32736), 
('cool5','Cool_stuff',18,99.99,1799.82,1,4475,4.3,58,23,1,5,2017, 32736), 
('cool5','Cool_stuff',11,99.99,1099.89,1,4475,4.3,42,22,1,6,2017, 32736), 
('cool5','Cool_stuff',14,99.99,1399.86,1,4475,4.3,42,21,1,7,2017, 32736), 
('cool5','Cool_stuff',8,99.99,799.92,1,4475,4.3,39,23,1,8,2017, 32736), 
('cool5','Cool_stuff',6,99.99,599.94,1,4475,4.3,10,21,1,9,2017, 32736), 
('cool5','Cool_stuff',9,99.99,899.91,1,4475,4.3,33,22,2,10,2017, 32736), 
('cool5','Cool_stuff',2,99.99,199.98,1,4475,4.3,42,22,4,11,2017, 32736), 
('cool5','Cool_stuff',3,99.99,299.97,1,4475,4.3,38,21,1,12,2017, 32736), 
('cool5','Cool_stuff',6,99.99,599.94,1,4475,4.3,102,23,2,1,2018, 32736), 
('cool5','Cool_stuff',9,99.99,899.91,1,4475,4.3,20,20,2,2,2018, 32736), 
('cool5','Cool_stuff',5,97.952,489.76,1,4475,4.3,45,22,1,3,2018, 32736), 
('cool5','Cool_stuff',4,84.6925,338.77,1,4475,4.3,18,21,1,4,2018, 32736), 
('health8','Health_beauty',6,89.99,539.94,3,250,4.1,25,23,1,3,2017, 3960), 
('health8','Health_beauty',6,89.99,539.94,3,250,4.1,41,23,1,5,2017, 3960), 
('health8','Health_beauty',9,89.99,809.91,3,250,4.1,53,22,1,6,2017, 3960), 
('health8','Health_beauty',17,89.99,1529.83,3,250,4.1,61,21,1,7,2017, 3960), 
('health8','Health_beauty',18,89.99,1619.82,3,250,4.1,82,23,1,8,2017, 3960), 
('health8','Health_beauty',21,89.99,1889.79,3,250,4.1,89,21,1,9,2017, 3960), 
('health8','Health_beauty',24,89.99,2159.76,3,250,4.1,81,22,2,10,2017, 3960), 
('health8','Health_beauty',26,89.99,2339.74,3,250,4.1,139,22,4,11,2017, 3960), 
('health8','Health_beauty',19,89.99,1709.81,3,250,4.1,112,21,1,12,2017, 3960), 
('health8','Health_beauty',20,89.99,1799.8,3,250,4.1,98,23,2,1,2018, 3960), 
('health8','Health_beauty',17,89.99,1529.83,3,250,4.1,126,20,2,2,2018, 3960), 
('health8','Health_beauty',16,83.74,1339.84,3,250,4.1,169,22,1,3,2018, 3960), 
('health8','Health_beauty',14,79.99,1119.86,3,250,4.1,118,21,1,4,2018, 3960), 
('health8','Health_beauty',16,79.99,1279.84,3,250,4.1,159,23,3,5,2018, 3960), 
('health8','Health_beauty',13,79.99,1039.87,3,250,4.1,131,21,0,6,2018, 3960), 
('health8','Health_beauty',10,79.99,799.9,3,250,4.1,113,22,1,7,2018, 3960), 
('health8','Health_beauty',7,82.82142857,579.75,3,250,4.1,127,23,1,8,2018, 3960), 
('garden4','Garden_tools',13,59.9,778.7,2,1650,4.1,74,21,1,7,2017, 19800), 
('garden4','Garden_tools',23,59.9,1377.7,2,1650,4.1,113,23,1,8,2017, 19800), 
('garden4','Garden_tools',13,59.9,778.7,2,1650,4.1,115,21,1,9,2017, 19800), 
('garden4','Garden_tools',36,59.9,2156.4,2,1650,4.1,146,22,2,10,2017, 19800), 
('garden4','Garden_tools',69,53.78571429,3711.7,2,1650,4.1,339,22,4,11,2017, 19800), 
('garden4','Garden_tools',44,55.75,2468.6,2,1650,4.1,184,21,1,12,2017, 19800), 
('garden4','Garden_tools',39,49.9,1946.1,2,1650,4.1,137,23,2,1,2018, 19800), 
('garden4','Garden_tools',48,50.35714286,2411.2,2,1650,4.1,160,20,2,2,2018, 19800), 
('garden4','Garden_tools',26,53.9,1401.4,2,1650,4.1,116,22,1,3,2018, 19800), 
('garden4','Garden_tools',28,53.9,1509.2,2,1650,4.1,111,21,1,4,2018, 19800), 
('garden4','Garden_tools',25,53.05789474,1319.5,2,1650,4.1,102,23,3,5,2018, 19800), 
('garden4','Garden_tools',15,49.9,748.5,2,1650,4.1,58,21,0,6,2018, 19800), 
('garden4','Garden_tools',3,49.9,149.7,2,1650,4.1,54,22,1,7,2018, 19800), 
('garden4','Garden_tools',6,49.9,299.4,2,1650,4.1,46,23,1,8,2018, 19800), 
('computers5','Accessories',1,167,167,1,207,3.5,31,22,2,10,2017, 2926), 
('computers5','Accessories',2,119.9,239.8,1,207,3.5,35,21,1,12,2017, 2926), 
('computers5','Accessories',57,93.09489362,5453.96,1,207,3.5,152,23,2,1,2018, 2926), 
('computers5','Accessories',45,77.155,3465.8,1,207,3.5,202,20,2,2,2018, 2926), 
('computers5','Accessories',6,88,528,1,207,3.5,127,22,1,3,2018, 2926), 
('computers5','Accessories',10,88,880,1,207,3.5,107,21,1,4,2018, 2926), 
('computers5','Accessories',3,89.9,269.7,1,207,3.5,66,21,0,6,2018, 2926), 
('computers5','Accessories',3,78.9,236.7,1,207,3.5,43,22,1,7,2018, 2926), 
('garden10','Garden_tools',3,59.9,179.7,2,1750,4.2,34,23,1,5,2017, 32560), 
('garden10','Garden_tools',3,59.9,179.7,2,1750,4.2,26,22,1,6,2017, 32560), 
('garden10','Garden_tools',19,59.9,1138.1,2,1750,4.2,74,21,1,7,2017, 32560), 
('garden10','Garden_tools',27,59.9,1617.3,2,1750,4.2,113,23,1,8,2017, 32560), 
('garden10','Garden_tools',17,59.9,1018.3,2,1750,4.2,115,21,1,9,2017, 32560), 
('garden10','Garden_tools',31,59.9,1856.9,2,1750,4.2,146,22,2,10,2017, 32560), 
('garden10','Garden_tools',87,53.64828125,4712.19,2,1750,4.2,339,22,4,11,2017, 32560), 
('garden10','Garden_tools',32,55.425,1769.7,2,1750,4.2,184,21,1,12,2017, 32560), 
('garden10','Garden_tools',29,49.9,1447.1,2,1750,4.2,137,23,2,1,2018, 32560), 
('garden10','Garden_tools',36,50.9,1828.4,2,1750,4.2,160,20,2,2,2018, 32560), 
('garden10','Garden_tools',35,53.9,1886.5,2,1750,4.2,116,22,1,3,2018, 32560), 
('garden10','Garden_tools',13,53.9,700.7,2,1750,4.2,111,21,1,4,2018, 32560), 
('garden10','Garden_tools',29,53.70952381,1559.1,2,1750,4.2,102,23,3,5,2018, 32560), 
('garden10','Garden_tools',6,49.9,299.4,2,1750,4.2,58,21,0,6,2018, 32560), 
('garden10','Garden_tools',14,49.9,698.6,2,1750,4.2,54,22,1,7,2018, 32560), 
('garden10','Garden_tools',10,49.9,499,2,1750,4.2,46,23,1,8,2018, 32560), 
('computers6','Accessories',22,150.3545455,3307.8,1,533,4.3,152,23,2,1,2018, 4840), 
('computers6','Accessories',69,149.9,10343.1,1,533,4.3,202,20,2,2,2018, 4840), 
('computers6','Accessories',51,149.9,7644.9,1,533,4.3,127,22,1,3,2018, 4840), 
('computers6','Accessories',35,149.9,5246.5,1,533,4.3,107,21,1,4,2018, 4840), 
('computers6','Accessories',52,149.9,7794.8,1,533,4.3,78,23,3,5,2018, 4840), 
('computers6','Accessories',27,149.9,4047.3,1,533,4.3,66,21,0,6,2018, 4840), 
('computers6','Accessories',13,149.9,1948.7,1,533,4.3,43,22,1,7,2018, 4840), 
('computers6','Accessories',5,149.9,749.5,1,533,4.3,18,23,1,8,2018, 4840), 
('health6','Health_beauty',3,61.99,185.97,1,350,3.9,98,23,2,1,2018, 2964), 
('health6','Health_beauty',13,61.99,805.87,1,350,3.9,169,22,1,3,2018, 2964), 
('health6','Health_beauty',15,64.99,974.85,1,350,3.9,118,21,1,4,2018, 2964), 
('health6','Health_beauty',38,64.99,2469.62,1,350,3.9,159,23,3,5,2018, 2964), 
('health6','Health_beauty',26,66.99,1741.74,1,350,3.9,131,21,0,6,2018, 2964), 
('health6','Health_beauty',27,66.99,1808.73,1,350,3.9,113,22,1,7,2018, 2964), 
('health6','Health_beauty',28,66.99,1875.72,1,350,3.9,127,23,1,8,2018, 2964), 
('garden6','Garden_tools',4,59.9,239.6,2,1550,4.1,34,23,1,5,2017, 19800), 
('garden6','Garden_tools',1,59.9,59.9,2,1550,4.1,26,22,1,6,2017, 19800), 
('garden6','Garden_tools',14,59.9,838.6,2,1550,4.1,74,21,1,7,2017, 19800), 
('garden6','Garden_tools',39,59.9,2336.1,2,1550,4.1,113,23,1,8,2017, 19800), 
('garden6','Garden_tools',37,59.9,2216.3,2,1550,4.1,115,21,1,9,2017, 19800), 
('garden6','Garden_tools',39,59.9,2336.1,2,1550,4.1,146,22,2,10,2017, 19800), 
('garden6','Garden_tools',91,52.40694444,4769.7,2,1550,4.1,339,22,4,11,2017, 19800), 
('garden6','Garden_tools',51,55.1,2881.6,2,1550,4.1,184,21,1,12,2017, 19800), 
('garden6','Garden_tools',12,49.9,598.8,2,1550,4.1,137,23,2,1,2018, 19800), 
('garden6','Garden_tools',39,50.54516129,1970.1,2,1550,4.1,160,20,2,2,2018, 19800), 
('garden6','Garden_tools',31,53.9,1670.9,2,1550,4.1,116,22,1,3,2018, 19800), 
('garden6','Garden_tools',46,53.9,2479.4,2,1550,4.1,111,21,1,4,2018, 19800), 
('garden6','Garden_tools',56,53.41515152,2982.4,2,1550,4.1,102,23,3,5,2018, 19800), 
('garden6','Garden_tools',12,49.9,598.8,2,1550,4.1,58,21,0,6,2018, 19800), 
('garden6','Garden_tools',6,49.91,299.46,2,1550,4.1,54,22,1,7,2018, 19800), 
('garden6','Garden_tools',6,49.91,299.46,2,1550,4.1,46,23,1,8,2018, 19800), 
('health10','Health_beauty',21,47.35789474,994.04,1,1110,4.2,126,20,2,2,2018, 3762), 
('health10','Health_beauty',58,48.45944444,2809.65,1,1110,4.2,169,22,1,3,2018, 3762), 
('health10','Health_beauty',18,53.70176471,965.91,1,1110,4.2,118,21,1,4,2018, 3762), 
('health10','Health_beauty',33,52.06928571,1723.08,1,1110,4.2,159,23,3,5,2018, 3762), 
('health10','Health_beauty',9,49.98,449.82,1,1110,4.2,131,21,0,6,2018, 3762), 
('health10','Health_beauty',5,51.512,257.56,1,1110,4.2,113,22,1,7,2018, 3762), 
('health10','Health_beauty',11,50.71,557.85,1,1110,4.2,127,23,1,8,2018, 3762), 
('watches2','Watches',5,157.99,789.95,3,444,4,17,22,1,6,2017, 4480), 
('watches2','Watches',6,171.792,1016.95,3,444,4,29,21,1,7,2017, 4480), 
('watches2','Watches',5,169.9,849.5,3,444,4,48,23,1,8,2017, 4480), 
('watches2','Watches',10,160.4,1604,3,444,4,54,21,1,9,2017, 4480), 
('watches2','Watches',16,149.475,2391.6,3,444,4,43,22,2,10,2017, 4480), 
('watches2','Watches',26,140.56,3660,3,444,4,91,22,4,11,2017, 4480), 
('watches2','Watches',6,149,894,3,444,4,73,21,1,12,2017, 4480), 
('watches2','Watches',8,148.5,1188,3,444,4,59,23,2,1,2018, 4480), 
('watches2','Watches',14,145.9942857,2043.92,3,444,4,90,20,2,2,2018, 4480), 
('watches2','Watches',9,123.9666667,1115.7,3,444,4,125,22,1,3,2018, 4480), 
('watches2','Watches',10,119.19,1191.9,3,444,4,178,21,1,4,2018, 4480), 
('watches2','Watches',22,118.1318182,2598.9,3,444,4,260,23,3,5,2018, 4480), 
('watches2','Watches',1,139.9,139.9,3,444,4,93,21,0,6,2018, 4480), 
('watches2','Watches',5,138.98,694.9,3,444,4,122,22,1,7,2018, 4480), 
('watches2','Watches',3,138,414,3,444,4,61,23,1,8,2018, 4480), 
('health1','Health_beauty',3,84.99,254.97,3,600,3.8,82,23,1,8,2017, 8151), 
('health1','Health_beauty',4,84.99,339.96,3,600,3.8,89,21,1,9,2017, 8151), 
('health1','Health_beauty',3,84.99,254.97,3,600,3.8,81,22,2,10,2017, 8151), 
('health1','Health_beauty',36,84.99,3059.64,3,600,3.8,139,22,4,11,2017, 8151), 
('health1','Health_beauty',50,84.99,4249.5,3,600,3.8,112,21,1,12,2017, 8151), 
('health1','Health_beauty',13,84.99,1104.87,3,600,3.8,98,23,2,1,2018, 8151), 
('health1','Health_beauty',7,84.99,594.93,3,600,3.8,126,20,2,2,2018, 8151), 
('health1','Health_beauty',4,84.99,339.96,3,600,3.8,169,22,1,3,2018, 8151), 
('health1','Health_beauty',2,84.99,169.98,3,600,3.8,131,21,0,6,2018, 8151), 
('garden8','Garden_tools',1,179.99,179.99,2,7650,4.2,3,20,2,2,2017, 8000), 
('garden8','Garden_tools',3,179.99,539.97,2,7650,4.2,17,20,2,4,2017, 8000), 
('garden8','Garden_tools',2,179.99,359.98,2,7650,4.2,115,21,1,9,2017, 8000), 
('garden8','Garden_tools',6,179.99,1079.94,2,7650,4.2,146,22,2,10,2017, 8000), 
('garden8','Garden_tools',13,179.99,2339.87,2,7650,4.2,339,22,4,11,2017, 8000), 
('garden8','Garden_tools',15,183.99,2759.85,2,7650,4.2,184,21,1,12,2017, 8000), 
('garden8','Garden_tools',14,187.8542857,2629.96,2,7650,4.2,137,23,2,1,2018, 8000), 
('garden8','Garden_tools',12,179,2148,2,7650,4.2,160,20,2,2,2018, 8000), 
('garden8','Garden_tools',13,175.1538462,2277,2,7650,4.2,116,22,1,3,2018, 8000), 
('garden8','Garden_tools',11,179,1969,2,7650,4.2,111,21,1,4,2018, 8000), 
('garden8','Garden_tools',3,179,537,2,7650,4.2,102,23,3,5,2018, 8000), 
('garden8','Garden_tools',10,159,1590,2,7650,4.2,58,21,0,6,2018, 8000), 
('garden8','Garden_tools',8,139,1112,2,7650,4.2,54,22,1,7,2018, 8000), 
('garden8','Garden_tools',7,139,973,2,7650,4.2,46,23,1,8,2018, 8000), 
('garden9','Garden_tools',3,59.9,179.7,2,1500,4,17,20,2,4,2017, 19800), 
('garden9','Garden_tools',7,59.9,419.3,2,1500,4,34,23,1,5,2017, 19800), 
('garden9','Garden_tools',4,59.9,239.6,2,1500,4,26,22,1,6,2017, 19800), 
('garden9','Garden_tools',19,59.9,1138.1,2,1500,4,74,21,1,7,2017, 19800), 
('garden9','Garden_tools',21,59.9,1257.9,2,1500,4,113,23,1,8,2017, 19800), 
('garden9','Garden_tools',23,59.9,1377.7,2,1500,4,115,21,1,9,2017, 19800), 
('garden9','Garden_tools',19,59.9,1138.1,2,1500,4,146,22,2,10,2017, 19800), 
('garden9','Garden_tools',82,53.37910448,4397.7,2,1500,4,339,22,4,11,2017, 19800), 
('garden9','Garden_tools',40,55.77096774,2232.6,2,1500,4,184,21,1,12,2017, 19800), 
('garden9','Garden_tools',25,49.9,1247.5,2,1500,4,137,23,2,1,2018, 19800), 
('garden9','Garden_tools',44,51.025,2247.6,2,1500,4,160,20,2,2,2018, 19800), 
('garden9','Garden_tools',25,53.9,1347.5,2,1500,4,116,22,1,3,2018, 19800), 
('garden9','Garden_tools',20,53.9,1078,2,1500,4,111,21,1,4,2018, 19800), 
('garden9','Garden_tools',17,52.56666667,888.3,2,1500,4,102,23,3,5,2018, 19800), 
('garden9','Garden_tools',8,49.9,399.2,2,1500,4,58,21,0,6,2018, 19800), 
('garden9','Garden_tools',9,49.9,449.1,2,1500,4,54,22,1,7,2018, 19800), 
('garden9','Garden_tools',7,49.9,349.3,2,1500,4,46,23,1,8,2018, 19800), 
('watches6','Watches',4,163,652,3,584,4.2,17,22,1,6,2017, 2288), 
('watches6','Watches',11,161.5909091,1777.5,3,584,4.2,29,21,1,7,2017, 2288), 
('watches6','Watches',13,160.6692308,2088.7,3,584,4.2,48,23,1,8,2017, 2288), 
('watches6','Watches',18,148.7785714,2762.5,3,584,4.2,54,21,1,9,2017, 2288), 
('watches6','Watches',1,134.9,134.9,3,584,4.2,43,22,2,10,2017, 2288), 
('watches6','Watches',15,133,1995,3,584,4.2,91,22,4,11,2017, 2288), 
('watches6','Watches',4,149,596,3,584,4.2,73,21,1,12,2017, 2288), 
('watches6','Watches',6,128.2416667,769.45,3,584,4.2,90,20,2,2,2018, 2288), 
('watches6','Watches',31,117.4412903,3640.68,3,584,4.2,125,22,1,3,2018, 2288), 
('watches6','Watches',85,105.648625,8961.49,3,584,4.2,178,21,1,4,2018, 2288), 
('watches6','Watches',114,103.7925234,11820.2,3,584,4.2,260,23,3,5,2018, 2288), 
('watches6','Watches',9,119,1071,3,584,4.2,93,21,0,6,2018, 2288), 
('watches6','Watches',11,118.3636364,1302,3,584,4.2,122,22,1,7,2018, 2288), 
('watches6','Watches',1,112,112,3,584,4.2,61,23,1,8,2018, 2288), 
('cool3','Cool_stuff',1,29.5,29.5,8,1867,4.4,10,21,1,9,2017, 7776), 
('cool3','Cool_stuff',76,29.5,2242,8,1867,4.4,102,23,2,1,2018, 7776), 
('cool3','Cool_stuff',26,35,910,8,1867,4.4,45,22,1,3,2018, 7776), 
('cool3','Cool_stuff',4,35,140,8,1867,4.4,18,21,1,4,2018, 7776), 
('cool3','Cool_stuff',4,35,140,8,1867,4.4,4,23,3,5,2018, 7776), 
('cool3','Cool_stuff',2,65,130,8,1867,4.4,2,21,0,6,2018, 7776), 
('cool3','Cool_stuff',1,65,65,8,1867,4.4,1,23,1,8,2018, 7776), 
('Perfumes2','Perfumes',1,142.5,142.5,1,400,4.4,8,23,1,8,2017, 4693), 
('Perfumes2','Perfumes',1,142.5,142.5,1,400,4.4,18,21,1,9,2017, 4693), 
('Perfumes2','Perfumes',2,142.5,285,1,400,4.4,19,22,2,10,2017, 4693), 
('Perfumes2','Perfumes',8,118.05,944.4,1,400,4.4,27,22,4,11,2017, 4693), 
('Perfumes2','Perfumes',12,118,1416,1,400,4.4,34,21,1,12,2017, 4693), 
('Perfumes2','Perfumes',6,117.9,707.4,1,400,4.4,15,23,2,1,2018, 4693), 
('Perfumes2','Perfumes',11,117.8888889,1296.8,1,400,4.4,12,20,2,2,2018, 4693), 
('Perfumes2','Perfumes',4,117.7,470.8,1,400,4.4,18,22,1,3,2018, 4693), 
('Perfumes2','Perfumes',8,117.975,943.8,1,400,4.4,10,21,1,4,2018, 4693), 
('Perfumes2','Perfumes',17,119.9,2038.3,1,400,4.4,16,23,3,5,2018, 4693), 
('Perfumes2','Perfumes',14,119.1785714,1668.5,1,400,4.4,14,21,0,6,2018, 4693), 
('Perfumes2','Perfumes',5,118.7,593.5,1,400,4.4,13,22,1,7,2018, 4693), 
('Perfumes2','Perfumes',17,116.9066667,1987.4,1,400,4.4,19,23,1,8,2018, 4693), 
('cool2','Cool_stuff',8,129.99,1039.92,1,1600,4.3,22,23,1,3,2017, 15750), 
('cool2','Cool_stuff',14,129.99,1819.86,1,1600,4.3,33,20,2,4,2017, 15750), 
('cool2','Cool_stuff',18,129.99,2339.82,1,1600,4.3,58,23,1,5,2017, 15750), 
('cool2','Cool_stuff',17,129.99,2209.83,1,1600,4.3,42,22,1,6,2017, 15750), 
('cool2','Cool_stuff',16,129.99,2079.84,1,1600,4.3,42,21,1,7,2017, 15750), 
('cool2','Cool_stuff',16,116.9275,1870.84,1,1600,4.3,39,23,1,8,2017, 15750), 
('cool2','Cool_stuff',10,119.99,1199.9,1,1600,4.3,33,22,2,10,2017, 15750), 
('cool2','Cool_stuff',9,129.99,1169.91,1,1600,4.3,42,22,4,11,2017, 15750), 
('cool2','Cool_stuff',3,129.99,389.97,1,1600,4.3,38,21,1,12,2017, 15750), 
('cool2','Cool_stuff',4,129.99,519.96,1,1600,4.3,102,23,2,1,2018, 15750), 
('cool2','Cool_stuff',2,129.99,259.98,1,1600,4.3,20,20,2,2,2018, 15750), 
('cool2','Cool_stuff',1,129.99,129.99,1,1600,4.3,45,22,1,3,2018, 15750), 
('cool2','Cool_stuff',1,129.99,129.99,1,1600,4.3,18,21,1,4,2018, 15750), 
('computers1','Accessories',4,94.9,379.6,1,173,4,11,23,1,5,2017, 2808), 
('computers1','Accessories',6,100.9,611.4,1,173,4,15,22,1,6,2017, 2808), 
('computers1','Accessories',10,109.9,1099,1,173,4,17,21,1,7,2017, 2808), 
('computers1','Accessories',2,109.9,219.8,1,173,4,15,23,1,8,2017, 2808), 
('computers1','Accessories',4,98.9,395.6,1,173,4,15,21,1,9,2017, 2808), 
('computers1','Accessories',4,98.9,395.6,1,173,4,31,22,2,10,2017, 2808), 
('computers1','Accessories',6,98.9,593.4,1,173,4,36,22,4,11,2017, 2808), 
('computers1','Accessories',1,98.9,98.9,1,173,4,35,21,1,12,2017, 2808), 
('computers1','Accessories',31,90.534,2795.14,1,173,4,152,23,2,1,2018, 2808), 
('computers1','Accessories',30,84.75608696,2537.19,1,173,4,202,20,2,2,2018, 2808), 
('computers1','Accessories',13,87.5,1139.8,1,173,4,127,22,1,3,2018, 2808), 
('computers1','Accessories',5,94,470,1,173,4,107,21,1,4,2018, 2808), 
('computers1','Accessories',4,73,292,1,173,4,66,21,0,6,2018, 2808), 
('computers1','Accessories',18,66.34214286,1199.48,1,173,4,43,22,1,7,2018, 2808), 
('computers1','Accessories',1,79.9,79.9,1,173,4,18,23,1,8,2018, 2808), 
('consoles2','Games',1,19.9,19.9,3,100,3.9,13,21,1,7,2017, 2304), 
('consoles2','Games',11,19.9,218.9,3,100,3.9,33,23,1,8,2017, 2304), 
('consoles2','Games',9,19.9,179.1,3,100,3.9,17,21,1,9,2017, 2304), 
('consoles2','Games',12,20.66666667,248,3,100,3.9,38,22,2,10,2017, 2304), 
('consoles2','Games',23,24.5,563.5,3,100,3.9,49,22,4,11,2017, 2304), 
('consoles2','Games',17,24.5,416.5,3,100,3.9,30,21,1,12,2017, 2304), 
('consoles2','Games',10,27.03333333,271.2,3,100,3.9,9,23,2,1,2018, 2304), 
('consoles2','Games',1,32.5,32.5,3,100,3.9,6,20,2,2,2018, 2304), 
('consoles2','Games',7,32.74285714,229.2,3,100,3.9,13,22,1,3,2018, 2304), 
('consoles2','Games',6,34.2,205.2,3,100,3.9,13,21,1,4,2018, 2304), 
('health5','Health_beauty',8,349.9,2799.2,1,900,4.3,9,22,1,1,2017, 11400), 
('health5','Health_beauty',4,349.9,1399.6,1,900,4.3,19,20,2,2,2017, 11400), 
('health5','Health_beauty',2,349.9,699.8,1,900,4.3,25,23,1,3,2017, 11400), 
('health5','Health_beauty',1,349.9,349.9,1,900,4.3,23,20,2,4,2017, 11400), 
('health5','Health_beauty',4,349.9,1399.6,1,900,4.3,41,23,1,5,2017, 11400), 
('health5','Health_beauty',2,349.9,699.8,1,900,4.3,53,22,1,6,2017, 11400), 
('health5','Health_beauty',1,349.9,349.9,1,900,4.3,61,21,1,7,2017, 11400), 
('health5','Health_beauty',7,349.9,2449.3,1,900,4.3,82,23,1,8,2017, 11400), 
('health5','Health_beauty',7,349.9,2449.3,1,900,4.3,89,21,1,9,2017, 11400), 
('health5','Health_beauty',10,349.9,3499,1,900,4.3,81,22,2,10,2017, 11400), 
('health5','Health_beauty',11,322.1363636,3543.5,1,900,4.3,139,22,4,11,2017, 11400), 
('health5','Health_beauty',7,349.9,2449.3,1,900,4.3,112,21,1,12,2017, 11400), 
('health5','Health_beauty',12,349.9,4198.8,1,900,4.3,98,23,2,1,2018, 11400), 
('health5','Health_beauty',15,349.9,5248.5,1,900,4.3,126,20,2,2,2018, 11400), 
('health5','Health_beauty',17,349.9,5948.3,1,900,4.3,169,22,1,3,2018, 11400), 
('health5','Health_beauty',7,349.9,2449.3,1,900,4.3,118,21,1,4,2018, 11400), 
('health5','Health_beauty',10,352.25,3513.1,1,900,4.3,159,23,3,5,2018, 11400), 
('health5','Health_beauty',11,364,4004,1,900,4.3,131,21,0,6,2018, 11400), 
('health5','Health_beauty',11,364,4004,1,900,4.3,113,22,1,7,2018, 11400), 
('health5','Health_beauty',9,364,3276,1,900,4.3,127,23,1,8,2018, 11400), 
('watches8','Watches',2,239.9,479.8,1,335,4.1,29,21,1,7,2017, 2992), 
('watches8','Watches',2,239.9,479.8,1,335,4.1,43,22,2,10,2017, 2992), 
('watches8','Watches',2,229.9,459.8,1,335,4.1,59,23,2,1,2018, 2992), 
('watches8','Watches',11,204.6181818,2250.8,1,335,4.1,90,20,2,2,2018, 2992), 
('watches8','Watches',16,167.5,2680,1,335,4.1,125,22,1,3,2018, 2992), 
('watches8','Watches',26,150.3423077,3908.9,1,335,4.1,178,21,1,4,2018, 2992), 
('watches8','Watches',30,145.1666667,4355,1,335,4.1,260,23,3,5,2018, 2992), 
('watches8','Watches',3,152.6333333,457.9,1,335,4.1,93,21,0,6,2018, 2992), 
('watches8','Watches',14,157.1428571,2200,1,335,4.1,122,22,1,7,2018, 2992), 
('watches8','Watches',11,157.9454545,1737.4,1,335,4.1,61,23,1,8,2018, 2992), 
('furniture4','Decor',1,99.9,99.9,1,2500,4.4,64,22,4,11,2017, 12000), 
('furniture4','Decor',3,99.9,299.7,1,2500,4.4,40,21,1,12,2017, 12000), 
('furniture4','Decor',13,99.9,1298.7,1,2500,4.4,125,23,2,1,2018, 12000), 
('furniture4','Decor',13,99.9,1298.7,1,2500,4.4,52,20,2,2,2018, 12000), 
('furniture4','Decor',12,99.9,1198.8,1,2500,4.4,83,22,1,3,2018, 12000), 
('furniture4','Decor',13,99.9,1298.7,1,2500,4.4,92,21,1,4,2018, 12000), 
('furniture4','Decor',13,99.9,1298.7,1,2500,4.4,95,23,3,5,2018, 12000), 
('furniture4','Decor',10,99.9,999,1,2500,4.4,18,21,0,6,2018, 12000), 
('furniture4','Decor',14,78.53571429,1099.5,1,2500,4.4,22,22,1,7,2018, 12000), 
('furniture4','Decor',9,83.83333333,754.5,1,2500,4.4,19,23,1,8,2018, 12000), 
('watches5','Watches',8,229.9,1839.2,1,342,4.1,48,23,1,8,2017, 3510), 
('watches5','Watches',10,219.06,2190.6,1,342,4.1,54,21,1,9,2017, 3510), 
('watches5','Watches',8,216.15,1729.2,1,342,4.1,43,22,2,10,2017, 3510), 
('watches5','Watches',12,203.2909091,2395.2,1,342,4.1,91,22,4,11,2017, 3510), 
('watches5','Watches',28,224.5428571,6287.2,1,342,4.1,73,21,1,12,2017, 3510), 
('watches5','Watches',10,220.77,2207.7,1,342,4.1,59,23,2,1,2018, 3510), 
('watches5','Watches',21,205.6857143,4319.4,1,342,4.1,90,20,2,2,2018, 3510), 
('watches5','Watches',16,216.1875,3459,1,342,4.1,125,22,1,3,2018, 3510), 
('watches5','Watches',13,204.3846154,2657,1,342,4.1,178,21,1,4,2018, 3510), 
('watches5','Watches',17,199,3383,1,342,4.1,260,23,3,5,2018, 3510), 
('health7','Health_beauty',1,64.99,64.99,2,200,3.9,9,22,1,1,2017, 3960), 
('health7','Health_beauty',5,64.99,324.95,2,200,3.9,19,20,2,2,2017, 3960), 
('health7','Health_beauty',9,64.99,584.91,2,200,3.9,25,23,1,3,2017, 3960), 
('health7','Health_beauty',9,64.99,584.91,2,200,3.9,23,20,2,4,2017, 3960), 
('health7','Health_beauty',16,64.99,1039.84,2,200,3.9,41,23,1,5,2017, 3960), 
('health7','Health_beauty',21,58.79952381,1234.79,2,200,3.9,53,22,1,6,2017, 3960), 
('health7','Health_beauty',15,59.25666667,888.85,2,200,3.9,61,21,1,7,2017, 3960), 
('health7','Health_beauty',22,58.99,1297.78,2,200,3.9,82,23,1,8,2017, 3960), 
('health7','Health_beauty',25,58.99,1474.75,2,200,3.9,89,21,1,9,2017, 3960), 
('health7','Health_beauty',19,58.99,1120.81,2,200,3.9,81,22,2,10,2017, 3960), 
('health7','Health_beauty',24,58.99,1415.76,2,200,3.9,139,22,4,11,2017, 3960), 
('health7','Health_beauty',9,58.99,530.91,2,200,3.9,112,21,1,12,2017, 3960), 
('health7','Health_beauty',6,58.99,353.94,2,200,3.9,98,23,2,1,2018, 3960), 
('health7','Health_beauty',14,58.99,825.86,2,200,3.9,126,20,2,2,2018, 3960), 
('health7','Health_beauty',10,58.99,589.9,2,200,3.9,169,22,1,3,2018, 3960), 
('health7','Health_beauty',11,58.99,648.89,2,200,3.9,118,21,1,4,2018, 3960), 
('health7','Health_beauty',4,58.99,235.96,2,200,3.9,159,23,3,5,2018, 3960), 
('health7','Health_beauty',6,58.99,353.94,2,200,3.9,131,21,0,6,2018, 3960), 
('health7','Health_beauty',2,58.99,117.98,2,200,3.9,113,22,1,7,2018, 3960), 
('health7','Health_beauty',3,58.99,176.97,2,200,3.9,127,23,1,8,2018, 3960), 
('bed3','Bed_bath_table',8,99,792,1,1550,3.3,50,22,2,10,2017, 20944), 
('bed3','Bed_bath_table',22,99,2178,1,1550,3.3,97,22,4,11,2017, 20944), 
('bed3','Bed_bath_table',7,99,693,1,1550,3.3,41,21,1,12,2017, 20944), 
('bed3','Bed_bath_table',11,98.3,1082,1,1550,3.3,62,23,2,1,2018, 20944), 
('bed3','Bed_bath_table',13,92,1196,1,1550,3.3,62,20,2,2,2018, 20944), 
('bed3','Bed_bath_table',3,92,276,1,1550,3.3,43,22,1,3,2018, 20944), 
('bed3','Bed_bath_table',9,90.875,815,1,1550,3.3,34,21,1,4,2018, 20944), 
('bed3','Bed_bath_table',14,88.24,1235.36,1,1550,3.3,57,23,3,5,2018, 20944), 
('bed3','Bed_bath_table',14,84.9,1188.6,1,1550,3.3,43,21,0,6,2018, 20944), 
('bed3','Bed_bath_table',9,84.9,764.1,1,1550,3.3,26,22,1,7,2018, 20944), 
('bed3','Bed_bath_table',1,84.9,84.9,1,1550,3.3,15,23,1,8,2018, 20944), 
('garden3','Garden_tools',1,99.99,99.99,1,6050,4.1,3,20,2,2,2017, 8000), 
('garden3','Garden_tools',11,99.99,1099.89,1,6050,4.1,21,23,1,3,2017, 8000), 
('garden3','Garden_tools',8,96.65666667,759.92,1,6050,4.1,17,20,2,4,2017, 8000), 
('garden3','Garden_tools',2,109.99,219.98,1,6050,4.1,34,23,1,5,2017, 8000), 
('garden3','Garden_tools',2,119.99,239.98,1,6050,4.1,26,22,1,6,2017, 8000), 
('garden3','Garden_tools',2,120,240,1,6050,4.1,74,21,1,7,2017, 8000), 
('garden3','Garden_tools',4,104.25,417,1,6050,4.1,115,21,1,9,2017, 8000), 
('garden3','Garden_tools',12,92.594,1105.92,1,6050,4.1,146,22,2,10,2017, 8000), 
('garden3','Garden_tools',21,89.99,1889.79,1,6050,4.1,339,22,4,11,2017, 8000), 
('garden3','Garden_tools',14,89.99,1259.86,1,6050,4.1,184,21,1,12,2017, 8000), 
('garden3','Garden_tools',12,123.3316667,1479.98,1,6050,4.1,137,23,2,1,2018, 8000), 
('garden3','Garden_tools',14,120,1680,1,6050,4.1,160,20,2,2,2018, 8000), 
('garden3','Garden_tools',6,113.3333333,680,1,6050,4.1,116,22,1,3,2018, 8000), 
('garden3','Garden_tools',7,110,770,1,6050,4.1,111,21,1,4,2018, 8000), 
('garden3','Garden_tools',8,110,880,1,6050,4.1,102,23,3,5,2018, 8000), 
('garden3','Garden_tools',10,96.65666667,969.9,1,6050,4.1,58,21,0,6,2018, 8000), 
('garden3','Garden_tools',5,99.99,499.95,1,6050,4.1,54,22,1,7,2018, 8000), 
('garden3','Garden_tools',2,99.99,199.98,1,6050,4.1,46,23,1,8,2018, 8000), 
('bed2','Bed_bath_table',2,89.9,179.8,1,1383,3.9,2,20,2,2,2017, 20000), 
('bed2','Bed_bath_table',22,89.9,1977.8,1,1383,3.9,20,23,1,3,2017, 20000), 
('bed2','Bed_bath_table',34,89.9,3056.6,1,1383,3.9,31,20,2,4,2017, 20000), 
('bed2','Bed_bath_table',58,89.9,5214.2,1,1383,3.9,57,23,1,5,2017, 20000), 
('bed2','Bed_bath_table',51,89.9,4584.9,1,1383,3.9,61,22,1,6,2017, 20000), 
('bed2','Bed_bath_table',60,89.9,5394,1,1383,3.9,123,21,1,7,2017, 20000), 
('bed2','Bed_bath_table',37,89.9,3326.3,1,1383,3.9,90,23,1,8,2017, 20000), 
('bed2','Bed_bath_table',23,89.9,2067.7,1,1383,3.9,54,21,1,9,2017, 20000), 
('bed2','Bed_bath_table',14,89.9,1258.6,1,1383,3.9,50,22,2,10,2017, 20000), 
('bed2','Bed_bath_table',40,89.9,3596,1,1383,3.9,97,22,4,11,2017, 20000), 
('bed2','Bed_bath_table',18,88.48823529,1594.2,1,1383,3.9,41,21,1,12,2017, 20000), 
('bed2','Bed_bath_table',17,86.9,1477.3,1,1383,3.9,62,23,2,1,2018, 20000), 
('bed2','Bed_bath_table',22,86.9,1911.8,1,1383,3.9,62,20,2,2,2018, 20000), 
('bed2','Bed_bath_table',17,86.9,1477.3,1,1383,3.9,43,22,1,3,2018, 20000), 
('bed2','Bed_bath_table',6,85.045,510.27,1,1383,3.9,34,21,1,4,2018, 20000), 
('bed2','Bed_bath_table',26,83.64961538,2174.89,1,1383,3.9,57,23,3,5,2018, 20000), 
('bed2','Bed_bath_table',23,79.9,1837.7,1,1383,3.9,43,21,0,6,2018, 20000), 
('bed2','Bed_bath_table',10,77.93333333,781.3,1,1383,3.9,26,22,1,7,2018, 20000), 
('bed2','Bed_bath_table',7,74,518,1,1383,3.9,15,23,1,8,2018, 20000), 
('furniture3','Decor',1,38.4,38.4,1,950,3.8,14,23,1,8,2017, 14000), 
('furniture3','Decor',6,38.4,230.4,1,950,3.8,7,21,1,9,2017, 14000), 
('furniture3','Decor',8,38.4,307.2,1,950,3.8,17,22,2,10,2017, 14000), 
('furniture3','Decor',34,34.58117647,1170.35,1,950,3.8,64,22,4,11,2017, 14000), 
('furniture3','Decor',4,38.4,153.6,1,950,3.8,40,21,1,12,2017, 14000), 
('furniture3','Decor',15,38.4,576,1,950,3.8,125,23,2,1,2018, 14000), 
('furniture3','Decor',4,38.4,153.6,1,950,3.8,52,20,2,2,2018, 14000), 
('furniture3','Decor',14,35.48571429,493.4,1,950,3.8,83,22,1,3,2018, 14000), 
('furniture3','Decor',4,35,140,1,950,3.8,92,21,1,4,2018, 14000), 
('furniture3','Decor',4,35,140,1,950,3.8,95,23,3,5,2018, 14000), 
('furniture3','Decor',2,35,70,1,950,3.8,18,21,0,6,2018, 14000), 
('furniture3','Decor',1,35,35,1,950,3.8,19,23,1,8,2018, 14000), 
('watches4','Watches',13,108,1404,2,1000,4.2,91,22,4,11,2017, 7632), 
('watches4','Watches',13,108,1404,2,1000,4.2,73,21,1,12,2017, 7632), 
('watches4','Watches',44,108,4752,2,1000,4.2,59,23,2,1,2018, 7632), 
('watches4','Watches',33,108,3564,2,1000,4.2,90,20,2,2,2018, 7632), 
('watches4','Watches',21,105.6428571,2214,2,1000,4.2,125,22,1,3,2018, 7632), 
('watches4','Watches',21,105,2205,2,1000,4.2,178,21,1,4,2018, 7632), 
('watches4','Watches',37,105,3885,2,1000,4.2,260,23,3,5,2018, 7632), 
('watches4','Watches',28,105,2940,2,1000,4.2,93,21,0,6,2018, 7632), 
('watches4','Watches',8,105,840,2,1000,4.2,122,22,1,7,2018, 7632), 
('watches4','Watches',7,105,735,2,1000,4.2,61,23,1,8,2018, 7632), 
('watches3','Watches',1,78,78,4,250,3.9,6,23,1,3,2017, 640), 
('watches3','Watches',3,78,234,4,250,3.9,17,22,1,6,2017, 640), 
('watches3','Watches',1,78,78,4,250,3.9,29,21,1,7,2017, 640), 
('watches3','Watches',5,78,390,4,250,3.9,48,23,1,8,2017, 640), 
('watches3','Watches',3,78,234,4,250,3.9,43,22,2,10,2017, 640), 
('watches3','Watches',2,78,156,4,250,3.9,91,22,4,11,2017, 640), 
('watches3','Watches',6,78,468,4,250,3.9,73,21,1,12,2017, 640), 
('watches3','Watches',9,78,702,4,250,3.9,59,23,2,1,2018, 640), 
('watches3','Watches',1,78,78,4,250,3.9,90,20,2,2,2018, 640), 
('watches3','Watches',1,78,78,4,250,3.9,125,22,1,3,2018, 640), 
('watches3','Watches',16,78,1248,4,250,3.9,178,21,1,4,2018, 640), 
('watches3','Watches',5,78,390,4,250,3.9,260,23,3,5,2018, 640), 
('watches3','Watches',39,78,3042,4,250,3.9,93,21,0,6,2018, 640), 
('watches3','Watches',40,78,3120,4,250,3.9,122,22,1,7,2018, 640), 
('watches3','Watches',28,77.82142857,2179,4,250,3.9,61,23,1,8,2018, 640), 
('furniture2','Decor',5,75,375,6,2600,4.1,5,21,1,7,2017, 15000), 
('furniture2','Decor',13,75,975,6,2600,4.1,14,23,1,8,2017, 15000), 
('furniture2','Decor',5,75,375,6,2600,4.1,17,22,2,10,2017, 15000), 
('furniture2','Decor',44,75,3300,6,2600,4.1,64,22,4,11,2017, 15000), 
('furniture2','Decor',47,75,3525,6,2600,4.1,40,21,1,12,2017, 15000), 
('furniture2','Decor',122,69.9953271,8538,6,2600,4.1,125,23,2,1,2018, 15000), 
('furniture2','Decor',44,69.9,3075.6,6,2600,4.1,52,20,2,2,2018, 15000), 
('furniture2','Decor',65,69.9,4543.5,6,2600,4.1,83,22,1,3,2018, 15000), 
('furniture2','Decor',83,69.9,5801.7,6,2600,4.1,92,21,1,4,2018, 15000), 
('furniture2','Decor',92,69.9,6430.8,6,2600,4.1,95,23,3,5,2018, 15000), 
('furniture2','Decor',2,89.9,179.8,6,2600,4.1,18,21,0,6,2018, 15000), 
('furniture2','Decor',2,89.9,179.8,6,2600,4.1,22,22,1,7,2018, 15000), 
('furniture2','Decor',3,103.2333333,309.7,6,2600,4.1,19,23,1,8,2018, 15000), 
('garden2','Garden_tools',5,59.9,299.5,2,1850,4.3,17,20,2,4,2017, 32560), 
('garden2','Garden_tools',2,59.9,119.8,2,1850,4.3,34,23,1,5,2017, 32560), 
('garden2','Garden_tools',5,59.9,299.5,2,1850,4.3,26,22,1,6,2017, 32560), 
('garden2','Garden_tools',15,59.9,898.5,2,1850,4.3,74,21,1,7,2017, 32560), 
('garden2','Garden_tools',19,59.9,1138.1,2,1850,4.3,113,23,1,8,2017, 32560), 
('garden2','Garden_tools',34,59.9,2036.6,2,1850,4.3,115,21,1,9,2017, 32560), 
('garden2','Garden_tools',13,59.9,778.7,2,1850,4.3,146,22,2,10,2017, 32560), 
('garden2','Garden_tools',9,54.45,495.5,2,1850,4.3,339,22,4,11,2017, 32560), 
('garden2','Garden_tools',1,49.9,49.9,2,1850,4.3,184,21,1,12,2017, 32560), 
('garden2','Garden_tools',1,49.9,49.9,2,1850,4.3,137,23,2,1,2018, 32560), 
('garden2','Garden_tools',4,51.23333333,203.6,2,1850,4.3,160,20,2,2,2018, 32560), 
('garden2','Garden_tools',2,53.9,107.8,2,1850,4.3,116,22,1,3,2018, 32560), 
('garden2','Garden_tools',2,53.9,107.8,2,1850,4.3,111,21,1,4,2018, 32560), 
('garden2','Garden_tools',4,49.9,199.6,2,1850,4.3,102,23,3,5,2018, 32560), 
('garden2','Garden_tools',5,49.9,249.5,2,1850,4.3,58,21,0,6,2018, 32560), 
('garden2','Garden_tools',3,49.9,149.7,2,1850,4.3,54,22,1,7,2018, 32560), 
('garden2','Garden_tools',3,49.9,149.7,2,1850,4.3,46,23,1,8,2018, 32560), 
('furniture1','Decor',1,38.4,38.4,1,850,3.7,5,21,1,7,2017, 10000), 
('furniture1','Decor',8,38.4,307.2,1,850,3.7,14,23,1,8,2017, 10000), 
('furniture1','Decor',12,38.4,460.8,1,850,3.7,7,21,1,9,2017, 10000), 
('furniture1','Decor',25,38.4,960,1,850,3.7,17,22,2,10,2017, 10000), 
('furniture1','Decor',28,36.85428571,1026.51,1,850,3.7,64,22,4,11,2017, 10000), 
('furniture1','Decor',2,38.4,76.8,1,850,3.7,125,23,2,1,2018, 10000), 
('furniture1','Decor',9,38.4,345.6,1,850,3.7,52,20,2,2,2018, 10000), 
('furniture1','Decor',17,35.48571429,601.8,1,850,3.7,83,22,1,3,2018, 10000), 
('furniture1','Decor',17,35,595,1,850,3.7,92,21,1,4,2018, 10000), 
('furniture1','Decor',11,35,385,1,850,3.7,95,23,3,5,2018, 10000), 
('furniture1','Decor',13,35,455,1,850,3.7,18,21,0,6,2018, 10000), 
('furniture1','Decor',10,35,350,1,850,3.7,22,22,1,7,2018, 10000), 
('furniture1','Decor',16,35,560,1,850,3.7,19,23,1,8,2018, 10000), 
('health2','Health_beauty',6,325,1950,6,400,4.2,82,23,1,8,2017, 2992), 
('health2','Health_beauty',11,325,3575,6,400,4.2,89,21,1,9,2017, 2992), 
('health2','Health_beauty',2,325,650,6,400,4.2,81,22,2,10,2017, 2992), 
('health2','Health_beauty',12,325,3900,6,400,4.2,139,22,4,11,2017, 2992), 
('health2','Health_beauty',6,325,1950,6,400,4.2,112,21,1,12,2017, 2992), 
('health2','Health_beauty',10,325,3250,6,400,4.2,98,23,2,1,2018, 2992), 
('health2','Health_beauty',23,325,7475,6,400,4.2,126,20,2,2,2018, 2992), 
('health2','Health_beauty',28,325.8928571,9125,6,400,4.2,169,22,1,3,2018, 2992), 
('health2','Health_beauty',21,330,6930,6,400,4.2,118,21,1,4,2018, 2992), 
('health2','Health_beauty',19,330,6270,6,400,4.2,159,23,3,5,2018, 2992), 
('health2','Health_beauty',16,330,5280,6,400,4.2,131,21,0,6,2018, 2992), 
('health2','Health_beauty',13,330,4290,6,400,4.2,113,22,1,7,2018, 2992), 
('health2','Health_beauty',28,330,9240,6,400,4.2,127,23,1,8,2018, 2992), 
('garden1','Garden_tools',1,99.99,99.99,1,5950,4.3,3,20,2,2,2017, 8000), 
('garden1','Garden_tools',5,99.99,499.95,1,5950,4.3,21,23,1,3,2017, 8000), 
('garden1','Garden_tools',4,109.99,439.96,1,5950,4.3,34,23,1,5,2017, 8000), 
('garden1','Garden_tools',6,109.99,659.94,1,5950,4.3,26,22,1,6,2017, 8000), 
('garden1','Garden_tools',1,120,120,1,5950,4.3,74,21,1,7,2017, 8000), 
('garden1','Garden_tools',2,120,240,1,5950,4.3,113,23,1,8,2017, 8000), 
('garden1','Garden_tools',7,102.5,735,1,5950,4.3,115,21,1,9,2017, 8000), 
('garden1','Garden_tools',17,95.29,1619.93,1,5950,4.3,146,22,2,10,2017, 8000), 
('garden1','Garden_tools',28,89.99,2519.72,1,5950,4.3,339,22,4,11,2017, 8000), 
('garden1','Garden_tools',27,89.99,2429.73,1,5950,4.3,184,21,1,12,2017, 8000), 
('garden1','Garden_tools',11,127.7272727,1405,1,5950,4.3,137,23,2,1,2018, 8000), 
('garden1','Garden_tools',7,120,840,1,5950,4.3,160,20,2,2,2018, 8000), 
('garden1','Garden_tools',6,110,660,1,5950,4.3,116,22,1,3,2018, 8000), 
('garden1','Garden_tools',5,110,550,1,5950,4.3,111,21,1,4,2018, 8000), 
('garden1','Garden_tools',2,110,220,1,5950,4.3,102,23,3,5,2018, 8000), 
('garden1','Garden_tools',6,89.99,539.94,1,5950,4.3,58,21,0,6,2018, 8000), 
('garden1','Garden_tools',7,99.99,699.93,1,5950,4.3,54,22,1,7,2018, 8000), 
('garden1','Garden_tools',6,98.32333333,589.94,1,5950,4.3,46,23,1,8,2018, 8000), 
('cool1','Cool_stuff',7,85.70428571,599.93,1,1200,4.2,7,20,2,2,2017, 15750), 
('cool1','Cool_stuff',14,99.99,1399.86,1,1200,4.2,22,23,1,3,2017, 15750), 
('cool1','Cool_stuff',17,99.99,1699.83,1,1200,4.2,33,20,2,4,2017, 15750), 
('cool1','Cool_stuff',22,99.99,2199.78,1,1200,4.2,58,23,1,5,2017, 15750), 
('cool1','Cool_stuff',14,99.99,1399.86,1,1200,4.2,42,22,1,6,2017, 15750), 
('cool1','Cool_stuff',11,99.99,1099.89,1,1200,4.2,42,21,1,7,2017, 15750), 
('cool1','Cool_stuff',14,99.99,1399.86,1,1200,4.2,39,23,1,8,2017, 15750), 
('cool1','Cool_stuff',3,99.99,299.97,1,1200,4.2,10,21,1,9,2017, 15750), 
('cool1','Cool_stuff',2,99.99,199.98,1,1200,4.2,33,22,2,10,2017, 15750), 
('cool1','Cool_stuff',4,99.99,399.96,1,1200,4.2,42,22,4,11,2017, 15750), 
('cool1','Cool_stuff',3,99.99,299.97,1,1200,4.2,38,21,1,12,2017, 15750), 
('cool1','Cool_stuff',3,99.99,299.97,1,1200,4.2,102,23,2,1,2018, 15750), 
('cool1','Cool_stuff',1,99.99,99.99,1,1200,4.2,20,20,2,2,2018, 15750), 
('cool1','Cool_stuff',2,99.99,199.98,1,1200,4.2,45,22,1,3,2018, 15750), 
('cool1','Cool_stuff',3,89.86333333,269.59,1,1200,4.2,18,21,1,4,2018, 15750), 
('computers4','Accessories',3,159.99,479.97,1,6550,4.2,3,20,2,2,2017, 8000), 
('computers4','Accessories',3,159.99,479.97,1,6550,4.2,3,23,1,3,2017, 8000), 
('computers4','Accessories',5,139.99,699.95,1,6550,4.2,5,20,2,4,2017, 8000), 
('computers4','Accessories',3,159.99,479.97,1,6550,4.2,15,22,1,6,2017, 8000), 
('computers4','Accessories',6,139.99,839.94,1,6550,4.2,17,21,1,7,2017, 8000), 
('computers4','Accessories',7,145.7042857,1019.93,1,6550,4.2,15,23,1,8,2017, 8000), 
('computers4','Accessories',11,151.99,1679.89,1,6550,4.2,15,21,1,9,2017, 8000), 
('computers4','Accessories',17,154.6958824,2629.83,1,6550,4.2,31,22,2,10,2017, 8000), 
('computers4','Accessories',18,149.99,2699.82,1,6550,4.2,36,22,4,11,2017, 8000), 
('computers4','Accessories',23,149.99,3449.77,1,6550,4.2,35,21,1,12,2017, 8000), 
('computers4','Accessories',43,156.5113514,6746.9,1,6550,4.2,152,23,2,1,2018, 8000), 
('computers4','Accessories',31,149,4619,1,6550,4.2,202,20,2,2,2018, 8000), 
('computers4','Accessories',44,136.1428571,5986,1,6550,4.2,127,22,1,3,2018, 8000), 
('computers4','Accessories',56,120.9230769,6764,1,6550,4.2,107,21,1,4,2018, 8000), 
('computers4','Accessories',25,119,2975,1,6550,4.2,78,23,3,5,2018, 8000), 
('computers4','Accessories',27,114.4911538,3086.76,1,6550,4.2,66,21,0,6,2018, 8000), 
('computers4','Accessories',9,119.99,1079.91,1,6550,4.2,43,22,1,7,2018, 8000), 
('computers4','Accessories',10,119.99,1199.9,1,6550,4.2,18,23,1,8,2018, 8000), 
('watches7','Watches',2,339,678,4,363,3.7,48,23,1,8,2017, 3042), 
('watches7','Watches',1,339,339,4,363,3.7,54,21,1,9,2017, 3042), 
('watches7','Watches',10,346.158,3461.58,4,363,3.7,43,22,2,10,2017, 3042), 
('watches7','Watches',9,345.7066667,3111.36,4,363,3.7,91,22,4,11,2017, 3042), 
('watches7','Watches',11,348.8,3836.8,4,363,3.7,73,21,1,12,2017, 3042), 
('watches7','Watches',1,339.9,339.9,4,363,3.7,59,23,2,1,2018, 3042), 
('watches7','Watches',5,347,1735,4,363,3.7,90,20,2,2,2018, 3042), 
('watches7','Watches',6,307.8333333,1847,4,363,3.7,125,22,1,3,2018, 3042), 
('watches7','Watches',6,280.6666667,1684,4,363,3.7,178,21,1,4,2018, 3042), 
('watches7','Watches',23,258.9695652,5956.3,4,363,3.7,260,23,3,5,2018, 3042), 
('watches7','Watches',4,245.9,983.6,4,363,3.7,93,21,0,6,2018, 3042), 
('watches7','Watches',45,169.3493182,7651.27,4,363,3.7,122,22,1,7,2018, 3042), 
('computers3','Accessories',15,178.0571429,2715.7,1,922,4.2,11,23,1,5,2017, 7650), 
('computers3','Accessories',15,149.8525,2247.72,1,922,4.2,15,22,1,6,2017, 7650), 
('computers3','Accessories',4,146.6,584.77,1,922,4.2,17,21,1,7,2017, 7650), 
('computers3','Accessories',13,144.96,1884.45,1,922,4.2,15,23,1,8,2017, 7650), 
('computers3','Accessories',12,138.59,1656.87,1,922,4.2,15,21,1,9,2017, 7650), 
('computers3','Accessories',16,137.9,2206.4,1,922,4.2,31,22,2,10,2017, 7650), 
('computers3','Accessories',18,137.9,2482.2,1,922,4.2,36,22,4,11,2017, 7650), 
('computers3','Accessories',2,134.9,269.8,1,922,4.2,35,21,1,12,2017, 7650), 
('computers3','Accessories',5,133,665,1,922,4.2,152,23,2,1,2018, 7650), 
('computers3','Accessories',3,132.97,398.91,1,922,4.2,202,20,2,2,2018, 7650), 
('health4','Health_beauty',1,29.9,29.9,1,250,4.5,81,22,2,10,2017, 1200), 
('health4','Health_beauty',6,29.9,179.4,1,250,4.5,139,22,4,11,2017, 1200), 
('health4','Health_beauty',6,29.9,179.4,1,250,4.5,112,21,1,12,2017, 1200), 
('health4','Health_beauty',15,29.9,448.5,1,250,4.5,98,23,2,1,2018, 1200), 
('health4','Health_beauty',16,29.9,478.4,1,250,4.5,126,20,2,2,2018, 1200), 
('health4','Health_beauty',11,29.9,328.9,1,250,4.5,169,22,1,3,2018, 1200), 
('health4','Health_beauty',22,29.9,657.8,1,250,4.5,118,21,1,4,2018, 1200), 
('health4','Health_beauty',22,29.9,657.8,1,250,4.5,159,23,3,5,2018, 1200), 
('health4','Health_beauty',7,29.9,209.3,1,250,4.5,131,21,0,6,2018, 1200), 
('health4','Health_beauty',18,29.9,538.2,1,250,4.5,113,22,1,7,2018, 1200), 
('health4','Health_beauty',13,29.9,388.7,1,250,4.5,127,23,1,8,2018, 1200), 
('watches1','Watches',5,241.006,1205.03,2,4338,3.8,6,23,1,3,2017, 2856), 
('watches1','Watches',3,255.61,766.83,2,4338,3.8,3,20,2,4,2017, 2856), 
('watches1','Watches',5,185,925,2,4338,3.8,17,22,1,6,2017, 2856), 
('watches1','Watches',10,197.383,1973.83,2,4338,3.8,29,21,1,7,2017, 2856), 
('watches1','Watches',15,179.9,2698.5,2,4338,3.8,48,23,1,8,2017, 2856), 
('watches1','Watches',20,164.57,3291.4,2,4338,3.8,54,21,1,9,2017, 2856), 
('watches1','Watches',4,232.49,929.96,2,4338,3.8,43,22,2,10,2017, 2856), 
('watches1','Watches',18,174.4333333,3139.8,2,4338,3.8,91,22,4,11,2017, 2856), 
('watches1','Watches',5,185.96,929.8,2,4338,3.8,73,21,1,12,2017, 2856), 
('watches1','Watches',2,199,398,2,4338,3.8,59,23,2,1,2018, 2856), 
('watches1','Watches',6,182,1092,2,4338,3.8,90,20,2,2,2018, 2856), 
('watches1','Watches',32,151.8784375,4860.11,2,4338,3.8,125,22,1,3,2018, 2856), 
('watches1','Watches',9,150.1333333,1351.2,2,4338,3.8,178,21,1,4,2018, 2856), 
('watches1','Watches',32,132.53125,4241,2,4338,3.8,260,23,3,5,2018, 2856), 
('watches1','Watches',15,138.22,2073.3,2,4338,3.8,93,21,0,6,2018, 2856), 
('watches1','Watches',2,155,310,2,4338,3.8,122,22,1,7,2018, 2856), 
('watches1','Watches',11,145.5509091,1601.06,2,4338,3.8,61,23,1,8,2018, 2856), 
('computers2','Accessories',1,109.9,109.9,1,180,3.5,36,22,4,11,2017, 2210), 
('computers2','Accessories',12,109.9,1318.8,1,180,3.5,35,21,1,12,2017, 2210), 
('computers2','Accessories',29,97.6425,2831.55,1,180,3.5,152,23,2,1,2018, 2210), 
('computers2','Accessories',71,78.7122807,5581.8,1,180,3.5,202,20,2,2,2018, 2210), 
('computers2','Accessories',27,81.02391304,2187.3,1,180,3.5,127,22,1,3,2018, 2210), 
('computers2','Accessories',13,80.66666667,1042.9,1,180,3.5,107,21,1,4,2018, 2210), 
('computers2','Accessories',11,79.8,876.9,1,180,3.5,78,23,3,5,2018, 2210), 
('computers2','Accessories',10,78.9,789,1,180,3.5,66,21,0,6,2018, 2210), 
('computers2','Accessories',7,77.9,545.3,1,180,3.5,43,22,1,7,2018, 2210), 
('computers2','Accessories',2,77.9,155.8,1,180,3.5,18,23,1,8,2018, 2210), 
('bed4','Bed_bath_table',29,45.9,1331.1,5,800,4.2,50,22,2,10,2017, 8000), 
('bed4','Bed_bath_table',32,44.15444444,1421.67,5,800,4.2,97,22,4,11,2017, 8000), 
('bed4','Bed_bath_table',12,45.9,550.8,5,800,4.2,41,21,1,12,2017, 8000), 
('bed4','Bed_bath_table',19,45.9,872.1,5,800,4.2,62,23,2,1,2018, 8000), 
('bed4','Bed_bath_table',16,45.9,734.4,5,800,4.2,62,20,2,2,2018, 8000), 
('bed4','Bed_bath_table',8,47.9,383.2,5,800,4.2,43,22,1,3,2018, 8000), 
('bed4','Bed_bath_table',7,47.9,335.3,5,800,4.2,34,21,1,4,2018, 8000), 
('bed4','Bed_bath_table',2,47.9,95.8,5,800,4.2,57,23,3,5,2018, 8000), 
('bed4','Bed_bath_table',4,47.9,191.6,5,800,4.2,43,21,0,6,2018, 8000), 
('bed4','Bed_bath_table',2,47.9,95.8,5,800,4.2,26,22,1,7,2018, 8000), 
('bed5','Bed_bath_table',1,215,215,5,9750,4.4,57,23,1,5,2017, 12600), 
('bed5','Bed_bath_table',10,209,2090,5,9750,4.4,61,22,1,6,2017, 12600), 
('bed5','Bed_bath_table',59,205,12095,5,9750,4.4,123,21,1,7,2017, 12600), 
('bed5','Bed_bath_table',52,199.5098039,10375,5,9750,4.4,90,23,1,8,2017, 12600), 
('bed5','Bed_bath_table',32,163.3987097,5222.36,5,9750,4.4,54,21,1,9,2017, 12600);